fact_idx  method_idx  pass_rate
0  0  0.871795
1  0  0.982906
2  0  0.802198
3  0  0.905983
4  0  0.990385
5  0  0.957265
6  0  0.931624
7  0  0.777778
8  0  0.965812
9  0  0.884615
10  0  0.971154
11  0  0.837607
12  0  0.811966
13  0  0.641026
14  0  0.974359
15  0  0.666667
16  0  0.701923
17  0  0.965812
18  0  0.982906
19  0  0.982906
20  0  0.982906
21  0  0.974359
22  0  0.837607
23  0  0.974359
24  0  0.700855
25  0  0.888889
26  0  0.923077
27  0  0.752137
28  0  0.494505
29  0  0.675214
30  0  0.982906
31  0  0.974359
32  0  0.641026
33  0  0.777778
34  0  0.931624
35  0  0.905983
36  0  0.794872
37  0  0.974359
38  0  0.957265
39  0  0.897436
40  0  0.942308
41  0  0.957265
42  0  0.982906
43  0  0.897436
44  0  0.982906
45  0  0.880342
46  0  1
47  0  0.644231
48  0  0.811966
49  0  1
0  1  0.91453
1  1  0.974359
2  1  0.89011
3  1  0.940171
4  1  0.961538
5  1  0.965812
6  1  0.880342
7  1  0.666667
8  1  0.974359
9  1  0.894231
10  1  0.951923
11  1  0.820513
12  1  0.726496
13  1  0.57265
14  1  0.948718
15  1  0.786325
16  1  0.730769
17  1  0.991453
18  1  0.982906
19  1  1
20  1  0.974359
21  1  0.991453
22  1  0.905983
23  1  0.948718
24  1  0.717949
25  1  0.957265
26  1  0.905983
27  1  0.769231
28  1  0.593407
29  1  0.666667
30  1  0.982906
31  1  0.965812
32  1  0.649573
33  1  0.82906
34  1  0.965812
35  1  0.905983
36  1  0.752137
37  1  1
38  1  0.957265
39  1  0.905983
40  1  0.942308
41  1  0.940171
42  1  0.991453
43  1  0.837607
44  1  0.982906
45  1  0.897436
46  1  0.989011
47  1  0.605769
48  1  0.777778
49  1  1
0  2  0.769231
1  2  0.974359
2  2  0.802198
3  2  0.871795
4  2  0.961538
5  2  0.974359
6  2  0.871795
7  2  0.726496
8  2  0.957265
9  2  0.846154
10  2  0.961538
11  2  0.709402
12  2  0.692308
13  2  0.435897
14  2  0.888889
15  2  0.769231
16  2  0.576923
17  2  0.991453
18  2  0.965812
19  2  0.982906
20  2  0.965812
21  2  1
22  2  0.854701
23  2  0.965812
24  2  0.444444
25  2  0.837607
26  2  0.923077
27  2  0.709402
28  2  0.406593
29  2  0.717949
30  2  0.91453
31  2  0.871795
32  2  0.564103
33  2  0.65812
34  2  0.880342
35  2  0.863248
36  2  0.675214
37  2  0.974359
38  2  0.974359
39  2  0.940171
40  2  0.932692
41  2  0.880342
42  2  0.991453
43  2  0.794872
44  2  0.957265
45  2  0.871795
46  2  1
47  2  0.730769
48  2  0.752137
49  2  1
0  3  0.837607
1  3  0.931624
2  3  0.813187
3  3  0.803419
4  3  0.980769
5  3  0.940171
6  3  0.794872
7  3  0.700855
8  3  0.991453
9  3  0.865385
10  3  0.923077
11  3  0.709402
12  3  0.760684
13  3  0.555556
14  3  0.897436
15  3  0.547009
16  3  0.567308
17  3  0.948718
18  3  0.905983
19  3  0.991453
20  3  0.931624
21  3  0.957265
22  3  0.752137
23  3  0.91453
24  3  0.487179
25  3  0.769231
26  3  0.897436
27  3  0.666667
28  3  0.43956
29  3  0.555556
30  3  0.82906
31  3  0.82906
32  3  0.581197
33  3  0.632479
34  3  0.871795
35  3  0.854701
36  3  0.641026
37  3  0.965812
38  3  0.923077
39  3  0.854701
40  3  0.875
41  3  0.940171
42  3  0.91453
43  3  0.846154
44  3  0.948718
45  3  0.820513
46  3  0.989011
47  3  0.567308
48  3  0.74359
49  3  1
0  4  0.632479
1  4  0.965812
2  4  0.813187
3  4  0.905983
4  4  0.980769
5  4  0.948718
6  4  0.837607
7  4  0.581197
8  4  0.948718
9  4  0.788462
10  4  0.942308
11  4  0.623932
12  4  0.649573
13  4  0.324786
14  4  0.854701
15  4  0.752137
16  4  0.625
17  4  0.982906
18  4  0.982906
19  4  0.974359
20  4  0.965812
21  4  0.965812
22  4  0.888889
23  4  0.957265
24  4  0.57265
25  4  0.820513
26  4  0.846154
27  4  0.735043
28  4  0.549451
29  4  0.709402
30  4  0.982906
31  4  0.948718
32  4  0.623932
33  4  0.777778
34  4  0.888889
35  4  0.837607
36  4  0.811966
37  4  0.905983
38  4  0.965812
39  4  0.923077
40  4  0.932692
41  4  0.880342
42  4  0.965812
43  4  0.854701
44  4  0.982906
45  4  0.863248
46  4  0.967033
47  4  0.576923
48  4  0.726496
49  4  1
0  5  0.991453
1  5  0.897436
2  5  0.989011
3  5  0.897436
4  5  0.980769
5  5  0.991453
6  5  1
7  5  0.897436
8  5  0.957265
9  5  0.971154
10  5  0.903846
11  5  0.811966
12  5  0.786325
13  5  0.91453
14  5  0.888889
15  5  0.803419
16  5  0.884615
17  5  0.91453
18  5  0.991453
19  5  0.965812
20  5  0.91453
21  5  0.991453
22  5  0.871795
23  5  0.991453
24  5  0.974359
25  5  0.974359
26  5  0.974359
27  5  0.649573
28  5  0.747253
29  5  0.837607
30  5  0.991453
31  5  1
32  5  0.769231
33  5  0.991453
34  5  0.991453
35  5  0.991453
36  5  0.940171
37  5  0.974359
38  5  0.91453
39  5  0.974359
40  5  1
41  5  0.948718
42  5  1
43  5  0.957265
44  5  0.957265
45  5  0.940171
46  5  1
47  5  0.980769
48  5  0.965812
49  5  1
0  6  0.367521
1  6  0.641026
2  6  0.483516
3  6  0.299145
4  6  0.836538
5  6  0.384615
6  6  0.401709
7  6  0.239316
8  6  0.777778
9  6  0.288462
10  6  0.451923
11  6  0.282051
12  6  0.162393
13  6  0.25641
14  6  0.529915
15  6  0.247863
16  6  0.182692
17  6  0.623932
18  6  0.358974
19  6  0.752137
20  6  0.581197
21  6  0.769231
22  6  0.316239
23  6  0.57265
24  6  0.017094
25  6  0.367521
26  6  0.487179
27  6  0.128205
28  6  0.0549451
29  6  0.418803
30  6  0.350427
31  6  0.239316
32  6  0.299145
33  6  0.282051
34  6  0.34188
35  6  0.598291
36  6  0.222222
37  6  0.57265
38  6  0.692308
39  6  0.65812
40  6  0.634615
41  6  0.666667
42  6  0.709402
43  6  0.529915
44  6  0.623932
45  6  0.42735
46  6  0.692308
47  6  0.278846
48  6  0.17094
49  6  0.673077
